0.0 0.0 0.0 
0.3333 2.2109 0.3797 
0.384 2.2569 0.3784 
0.4278 2.2279 0.378 
0.4667 2.2494 0.3732 
0.4667 2.2494 0.3732 
0.5502 2.2387 0.3728 
0.5079 2.2594 0.3724 
0.4069 2.2596 0.3715 
0.4236 2.2789 0.3707 
0.4236 2.2789 0.3707 
0.5136 2.2602 0.3681 
0.463 2.2878 0.3679 
0.4778 2.2892 0.3677 
0.3796 2.3112 0.3668 
0.4796 2.2892 0.3645 
0.4479 2.3307 0.3638 
0.4744 2.2994 0.3593 
0.4744 2.2994 0.3593 
0.5485 2.2625 0.3589 
0.506 2.2911 0.3572 
0.5179 2.3189 0.356 
0.5179 2.3189 0.356 
0.5614 2.2982 0.3552 
0.5614 2.2982 0.3552 
0.52 2.3356 0.354 
0.5641 2.3165 0.3528 
0.4093 2.3944 0.3524 
0.4678 2.3656 0.3519 
0.47 2.3489 0.3519 
0.47 2.3489 0.3519 
0.5513 2.3339 0.3518 
0.5079 2.3467 0.3514 
0.565 2.3165 0.3507 
0.4867 2.3503 0.3497 
0.4867 2.3503 0.3497 
0.5844 2.1758 0.349 
0.5841 2.2401 0.3486 
0.3735 2.4071 0.3478 
0.3735 2.4071 0.3478 
0.4183 2.3829 0.3472 
0.4183 2.3829 0.3472 
0.5581 2.3276 0.3461 
0.5581 2.3276 0.3461 
0.4878 2.3669 0.346 
0.5139 2.3467 0.3456 
0.3289 2.4182 0.3449 
0.5595 2.3339 0.3448 
0.4557 2.3973 0.3445 
0.4557 2.3973 0.3445 
0.4889 2.3503 0.3445 
0.4889 2.3503 0.3445 
0.6107 2.192 0.3445 
0.6107 2.192 0.3445 
0.5607 2.3276 0.3441 
0.5607 2.3276 0.3441 
0.6601 2.1832 0.3441 
0.5258 2.3475 0.3435 
0.5267 2.3364 0.3432 
0.5267 2.3364 0.3432 
0.5267 2.3364 0.3432 
0.6362 2.1991 0.3429 
0.4889 2.3656 0.3422 
0.562 2.3387 0.342 
0.5999 2.2148 0.3409 
0.5999 2.2148 0.3409 
0.4794 2.3823 0.3407 
0.4794 2.3823 0.3407 
0.6389 2.1989 0.3404 
0.6086 2.2204 0.3403 
0.4549 2.4196 0.3401 
0.5169 2.3745 0.3398 
0.5169 2.3745 0.3398 
0.6217 2.2207 0.3397 
0.581 2.2622 0.3388 
0.5136 2.3864 0.3387 
0.4778 2.3989 0.3384 
0.5593 2.3776 0.3383 
0.621 2.2417 0.3382 
0.5928 2.2496 0.3379 
0.5928 2.2496 0.3379 
0.5636 2.3696 0.3378 
0.5636 2.3696 0.3378 
0.6228 2.2207 0.3377 
0.6109 2.2793 0.3374 
0.6118 2.2517 0.3372 
0.4889 2.4003 0.3368 
0.5176 2.3864 0.3362 
0.6431 2.3121 0.3362 
0.6693 2.2898 0.3356 
0.5193 2.3872 0.3345 
0.6729 2.1837 0.3335 
0.6916 2.304 0.3318 
0.6916 2.304 0.3318 
0.6551 2.3132 0.3317 
0.7384 2.2926 0.3316 
0.7148 2.3091 0.3313 
0.6669 2.3267 0.33 
0.6669 2.3267 0.33 
0.5089 2.4022 0.3294 
0.4363 2.45 0.3292 
